-9.990000000000000000e+02 -9.990000000000000000e+02 -9.990000000000000000e+02 -9.990000000000000000e+02 -9.990000000000000000e+02 -9.990000000000000000e+02 -9.990000000000000000e+02 -9.990000000000000000e+02 -9.990000000000000000e+02 -9.990000000000000000e+02 -9.990000000000000000e+02 1.000000000000000000e+00 1.000000000000000000e+00 1.000000000000000000e+00
-9.990000000000000000e+02 -9.990000000000000000e+02 -9.990000000000000000e+02 -9.990000000000000000e+02 -9.990000000000000000e+02 -9.990000000000000000e+02 -9.990000000000000000e+02 -9.990000000000000000e+02 -9.990000000000000000e+02 -9.990000000000000000e+02 1.213000000000000078e+00 1.203000000000000069e+00 1.199999999999999956e+00 1.213999999999999968e+00
1.360999999999999988e+00 1.346000000000000085e+00 1.348000000000000087e+00 1.364000000000000101e+00 -9.990000000000000000e+02 -9.990000000000000000e+02 -9.990000000000000000e+02 -9.990000000000000000e+02 -9.990000000000000000e+02 -9.990000000000000000e+02 1.425000000000000044e+00 1.401000000000000023e+00 1.387000000000000011e+00 1.395000000000000018e+00
1.506000000000000005e+00 1.495999999999999996e+00 1.504999999999999893e+00 1.532999999999999918e+00 1.576999999999999957e+00 -9.990000000000000000e+02 -9.990000000000000000e+02 -9.990000000000000000e+02 -9.990000000000000000e+02 1.687999999999999945e+00 1.637999999999999901e+00 1.588000000000000078e+00 1.552999999999999936e+00 1.542000000000000037e+00
1.629999999999999893e+00 1.627000000000000002e+00 1.643999999999999906e+00 1.685000000000000053e+00 1.752000000000000002e+00 1.844000000000000083e+00 1.943000000000000060e+00 2.011000000000000121e+00 2.012000000000000011e+00 1.945000000000000062e+00 1.848000000000000087e+00 1.758000000000000007e+00 1.693999999999999950e+00 1.657000000000000028e+00
1.747999999999999998e+00 1.808000000000000052e+00 1.899999999999999911e+00 2.039000000000000146e+00 2.229999999999999982e+00 2.387000000000000011e+00 2.386000000000000121e+00 2.229000000000000092e+00 2.037999999999999812e+00 1.899000000000000021e+00 1.810000000000000053e+00 1.758999999999999897e+00 1.737000000000000099e+00 1.739000000000000101e+00
1.816000000000000059e+00 1.891999999999999904e+00 1.991999999999999993e+00 2.169999999999999929e+00 2.475999999999999979e+00 3.000000000000000000e+00 3.000000000000000000e+00 2.475000000000000089e+00 2.169999999999999929e+00 1.993999999999999995e+00 1.899000000000000021e+00 1.846999999999999975e+00 1.822999999999999954e+00 1.824999999999999956e+00
1.913000000000000034e+00 1.945999999999999952e+00 2.017999999999999794e+00 2.157999999999999918e+00 2.551000000000000156e+00 3.248000000000000220e+00 3.248000000000000220e+00 2.551000000000000156e+00 2.157999999999999918e+00 2.020999999999999908e+00 1.949999999999999956e+00 1.907999999999999918e+00 1.887000000000000011e+00 1.885000000000000009e+00
1.951000000000000068e+00 1.971000000000000085e+00 2.007000000000000117e+00 2.000000000000000000e+00 2.000000000000000000e+00 3.500000000000000000e+00 3.500000000000000000e+00 2.000000000000000000e+00 2.000000000000000000e+00 2.008999999999999897e+00 1.973999999999999977e+00 1.947999999999999954e+00 1.933000000000000052e+00 1.927999999999999936e+00
1.951000000000000068e+00 1.983000000000000096e+00 1.995999999999999996e+00 2.000000000000000000e+00 2.000000000000000000e+00 3.755999999999999783e+00 3.755999999999999783e+00 2.000000000000000000e+00 2.000000000000000000e+00 1.997000000000000108e+00 1.987999999999999989e+00 1.977000000000000091e+00 1.969000000000000083e+00 1.965999999999999970e+00
2.000000000000000000e+00 2.000000000000000000e+00 2.000000000000000000e+00 2.000000000000000000e+00 2.000000000000000000e+00 4.000000000000000000e+00 4.000000000000000000e+00 2.000000000000000000e+00 2.000000000000000000e+00 2.000000000000000000e+00 2.000000000000000000e+00 2.000000000000000000e+00 2.000000000000000000e+00 2.000000000000000000e+00
2.000000000000000000e+00 2.052000000000000046e+00 2.080000000000000071e+00 2.108000000000000096e+00 2.134999999999999787e+00 4.000000000000000000e+00 4.000000000000000000e+00 2.134999999999999787e+00 2.123000000000000220e+00 2.107000000000000206e+00 2.088000000000000078e+00 2.065999999999999837e+00 2.045999999999999819e+00 2.035000000000000142e+00
2.076999999999999957e+00 2.105999999999999872e+00 2.157999999999999918e+00 2.216000000000000192e+00 2.274999999999999911e+00 4.000000000000000000e+00 4.000000000000000000e+00 2.275999999999999801e+00 2.249000000000000110e+00 2.217999999999999972e+00 2.178999999999999826e+00 2.132000000000000117e+00 2.081999999999999851e+00 2.052000000000000046e+00
2.095000000000000195e+00 2.145999999999999908e+00 2.233999999999999986e+00 2.323999999999999844e+00 2.411999999999999922e+00 4.000000000000000000e+00 4.000000000000000000e+00 2.415000000000000036e+00 2.382000000000000117e+00 2.338999999999999968e+00 2.279999999999999805e+00 2.202999999999999847e+00 2.112999999999999989e+00 2.000000000000000000e+00
2.000000000000000000e+00 2.174999999999999822e+00 2.311999999999999833e+00 2.435000000000000053e+00 2.545999999999999819e+00 4.000000000000000000e+00 4.000000000000000000e+00 2.552999999999999936e+00 2.524999999999999911e+00 2.476999999999999869e+00 2.399000000000000021e+00 2.289000000000000146e+00 2.152000000000000135e+00 2.000000000000000000e+00
2.000000000000000000e+00 2.216000000000000192e+00 2.407000000000000028e+00 2.560000000000000053e+00 2.682999999999999829e+00 4.000000000000000000e+00 4.000000000000000000e+00 2.690999999999999837e+00 2.692000000000000171e+00 2.649999999999999911e+00 2.552000000000000046e+00 2.400999999999999801e+00 2.210999999999999854e+00 2.000000000000000000e+00
2.000000000000000000e+00 2.287999999999999812e+00 2.541999999999999815e+00 2.724000000000000199e+00 2.831999999999999851e+00 4.000000000000000000e+00 4.000000000000000000e+00 2.838999999999999968e+00 2.908999999999999808e+00 2.886000000000000121e+00 2.758999999999999897e+00 2.552999999999999936e+00 2.290999999999999925e+00 2.000000000000000000e+00
2.000000000000000000e+00 2.395000000000000018e+00 2.745000000000000107e+00 3.003000000000000114e+00 3.000000000000000000e+00 4.000000000000000000e+00 4.000000000000000000e+00 3.000000000000000000e+00 3.269000000000000128e+00 3.220000000000000195e+00 3.044000000000000039e+00 2.762000000000000011e+00 2.402000000000000135e+00 2.000000000000000000e+00
2.000000000000000000e+00 2.547000000000000153e+00 3.040000000000000036e+00 3.423999999999999932e+00 3.765000000000000124e+00 4.020999999999999908e+00 4.051999999999999602e+00 3.908999999999999808e+00 3.781000000000000139e+00 3.677999999999999936e+00 3.439000000000000057e+00 3.053999999999999826e+00 2.555000000000000160e+00 2.000000000000000000e+00
2.000000000000000000e+00 2.744000000000000217e+00 3.455000000000000071e+00 4.004999999999999893e+00 4.328999999999999737e+00 4.456999999999999851e+00 4.487000000000000099e+00 4.450999999999999623e+00 4.386000000000000121e+00 4.282000000000000028e+00 3.999000000000000110e+00 3.467999999999999972e+00 2.755999999999999783e+00 2.000000000000000000e+00
2.000000000000000000e+00 2.967000000000000082e+00 3.947000000000000064e+00 5.000000000000000000e+00 5.000000000000000000e+00 5.000000000000000000e+00 5.000000000000000000e+00 5.000000000000000000e+00 5.000000000000000000e+00 5.000000000000000000e+00 5.000000000000000000e+00 3.988999999999999879e+00 2.986000000000000210e+00 2.000000000000000000e+00
